96,35
3,2
3,1
3,3
10,222
10,282
10,113
10,253
10,297
10,247
10,131
10,126
11,10
11,28
9,6
9,4
8,16
8,11
8,12
8,13
8,2
8,3
20,3
20,2
20,1
19,2
19,1
12,3
19,3
12,2
12,1
11,30
11,29
11,26
11,22
11,21
11,20
11,19
11,17
11,11
11,9
11,8
11,6
11,5
11,3
11,2
11,1
10,316
10,314
10,304
10,301
10,289
10,263
10,252
10,219
10,216
10,198
18,1
18,3
10,141
10,114
14,1
14,3
13,1
13,3
10,110
10,107
10,69
10,30
10,3
10,2
10,1
9,7
9,5
9,3
9,2
9,1
8,18
2,2
2,1
2,3
8,17
8,14
8,10
8,8
8,1
8,6
0,386
0,278
0,0
96,34
96,33
96,32
96,31
96,30
96,29
96,28
96,27
96,26
